Zip Code,NEVER,RARELY,SOMETIMES,FREQUENTLY,ALWAYS

11201,0.035,0.034,0.058,0.141,0.732

36051,0.053,0.074,0.134,0.295,0.444

36578,0.083,0.059,0.098,0.323,0.436

36027,0.067,0.121,0.12,0.201,0.491

36793,0.02,0.034,0.096,0.278,0.572

35952,0.053,0.114,0.18,0.194,0.459

36830,0.031,0.04,0.144,0.286,0.5

36037,0.102,0.053,0.257,0.137,0.451

36254,0.152,0.108,0.13,0.167,0.442

36855,0.117,0.037,0.15,0.136,0.56

35960,0.135,0.027,0.161,0.158,0.52

36793,0.06,0.07,0.058,0.194,0.618

36922,0.049,0.038,0.126,0.219,0.568

36482,0.049,0.088,0.164,0.268,0.43

35082,0.148,0.158,0.195,0.169,0.329

36268,0.151,0.125,0.138,0.217,0.368

36318,0.101,0.152,0.094,0.186,0.466

35582,0.082,0.096,0.152,0.159,0.51

36768,0.099,0.052,0.259,0.192,0.399

36080,0.055,0.131,0.167,0.263,0.384

36477,0.187,0.128,0.129,0.201,0.356

36046,0.06,0.091,0.199,0.233,0.416

35670,0.13,0.024,0.249,0.217,0.379

36350,0.089,0.113,0.118,0.22,0.46

36759,0.095,0.1,0.159,0.122,0.524

35771,0.084,0.051,0.106,0.179,0.58

36080,0.042,0.095,0.127,0.252,0.485

36503,0.114,0.026,0.188,0.285,0.387

36271,0.096,0.103,0.178,0.122,0.501

35559,0.138,0.048,0.151,0.233,0.429

35582,0.065,0.071,0.223,0.156,0.484

36313,0.176,0.131,0.089,0.158,0.445

36740,0.03,0.053,0.127,0.167,0.623

36738,0.026,0.061,0.084,0.191,0.639

36350,0.066,0.068,0.17,0.258,0.438

36350,0.085,0.079,0.135,0.268,0.433

35771,0.092,0.089,0.11,0.249,0.46

35229,0.049,0.037,0.107,0.179,0.628

35552,0.107,0.045,0.132,0.189,0.527

35617,0.093,0.119,0.141,0.179,0.469

35643,0.162,0.08,0.088,0.251,0.419

36865,0.053,0.064,0.138,0.183,0.562

35652,0.102,0.034,0.133,0.336,0.395

36761,0.12,0.073,0.145,0.199,0.464

36830,0.008,0.033,0.241,0.172,0.545

35813,0.062,0.05,0.123,0.177,0.589

36904,0.033,0.151,0.118,0.186,0.512

35543,0.129,0.064,0.246,0.207,0.353

35964,0.075,0.064,0.129,0.253,0.479

36590,0.077,0.07,0.102,0.244,0.506

36768,0.112,0.041,0.182,0.288,0.378

36057,0.056,0.095,0.123,0.212,0.513

35670,0.078,0.077,0.082,0.304,0.459

36793,0.025,0.084,0.087,0.187,0.618

35555,0.031,0.06,0.169,0.157,0.584

36005,0.06,0.131,0.145,0.333,0.33

36274,0.158,0.226,0.105,0.144,0.368

36870,0.069,0.067,0.08,0.213,0.57

35906,0.027,0.134,0.144,0.2,0.495

35143,0.022,0.075,0.118,0.24,0.545

36922,0.055,0.068,0.118,0.197,0.562

35082,0.113,0.15,0.208,0.169,0.361

36861,0.067,0.095,0.136,0.296,0.406

35478,0.041,0.036,0.144,0.247,0.532

35038,0.09,0.081,0.145,0.256,0.429

36558,0.018,0.077,0.102,0.307,0.495

36723,0.061,0.098,0.199,0.187,0.455

35540,0.13,0.046,0.328,0.183,0.312

99583,0.067,0.032,0.034,0.316,0.551

99546,0.078,0.031,0.03,0.337,0.524

99530,0.042,0.05,0.049,0.196,0.663

99641,0.101,0.022,0.014,0.45,0.413

99613,0.048,0.037,0.042,0.308,0.564

99743,0.062,0.081,0.067,0.225,0.565

99569,0.072,0.025,0.027,0.391,0.484

99705,0.094,0.084,0.175,0.234,0.413

99827,0.055,0.05,0.123,0.419,0.352

99820,0.051,0.064,0.13,0.399,0.356

99811,0.051,0.067,0.133,0.396,0.353

99663,0.043,0.047,0.051,0.197,0.662

99928,0.025,0.149,0.174,0.256,0.396

99644,0.042,0.043,0.049,0.233,0.633

99647,0.055,0.036,0.04,0.299,0.571

99694,0.042,0.051,0.048,0.198,0.66

99659,0.086,0.061,0.009,0.544,0.3

99791,0.036,0.059,0.235,0.215,0.455

99751,0.035,0.188,0.051,0.474,0.252

99833,0.042,0.095,0.148,0.349,0.365

99926,0.033,0.125,0.161,0.3,0.38

99835,0.048,0.077,0.137,0.381,0.357

99840,0.058,0.038,0.116,0.435,0.354

99731,0.064,0.071,0.14,0.272,0.453

99574,0.04,0.049,0.052,0.197,0.663

99929,0.035,0.119,0.16,0.312,0.374

99689,0.047,0.012,0.078,0.381,0.481

99724,0.044,0.047,0.126,0.425,0.358

85936,0.055,0.063,0.031,0.15,0.701

85609,0.053,0.025,0.147,0.194,0.581

86016,0.039,0.08,0.07,0.11,0.702

85553,0.073,0.014,0.03,0.336,0.547

85530,0.095,0.067,0.237,0.049,0.553

85922,0.111,0.089,0.167,0.089,0.544

85344,0.031,0.064,0.162,0.173,0.57

85287,0.023,0.025,0.059,0.158,0.734

86433,0.051,0.096,0.104,0.164,0.585

86030,0.091,0.108,0.059,0.139,0.602

85341,0.023,0.024,0.073,0.121,0.759

85739,0.033,0.055,0.096,0.148,0.667

85611,0.028,0.002,0.058,0.074,0.837

85362,0.031,0.073,0.081,0.176,0.639

85336,0.008,0.013,0.046,0.129,0.804

72003,0.019,0.073,0.134,0.216,0.557

71676,0.023,0.103,0.163,0.117,0.595

72659,0.15,0.104,0.108,0.104,0.534

72711,0.081,0.034,0.083,0.16,0.643

72682,0.129,0.145,0.122,0.189,0.416

71660,0.094,0.102,0.175,0.184,0.445

71766,0.145,0.132,0.108,0.211,0.404

72613,0.111,0.068,0.115,0.129,0.577

71676,0.104,0.074,0.193,0.097,0.531

71923,0.08,0.091,0.08,0.231,0.518

72425,0.082,0.124,0.157,0.242,0.395

72545,0.036,0.065,0.093,0.259,0.546

71660,0.107,0.03,0.16,0.231,0.472

71740,0.241,0.072,0.054,0.25,0.383

72157,0.071,0.12,0.137,0.347,0.325

72479,0.078,0.123,0.138,0.341,0.32

72947,0.155,0.1,0.167,0.211,0.367

72384,0.059,0.017,0.11,0.306,0.508

72387,0.097,0.017,0.163,0.319,0.404

71923,0.197,0.055,0.093,0.196,0.459

71630,0.078,0.033,0.19,0.189,0.509

71658,0.063,0.049,0.207,0.159,0.523

72032,0.066,0.027,0.077,0.403,0.426

72947,0.149,0.079,0.245,0.187,0.34

72566,0.105,0.121,0.226,0.197,0.351

71968,0.025,0.102,0.068,0.21,0.596

72132,0.082,0.043,0.127,0.258,0.489

72425,0.062,0.141,0.154,0.346,0.297

71859,0.098,0.073,0.096,0.179,0.554

71913,0.059,0.086,0.079,0.216,0.56

71859,0.081,0.07,0.145,0.145,0.56

72553,0.137,0.156,0.088,0.179,0.44

72577,0.086,0.121,0.133,0.23,0.43

72075,0.116,0.103,0.135,0.179,0.468

72152,0.042,0.036,0.172,0.173,0.577

72854,0.144,0.103,0.205,0.221,0.328

71845,0.12,0.082,0.078,0.234,0.486

72458,0.085,0.128,0.153,0.298,0.337

72311,0.103,0.032,0.195,0.263,0.407

71643,0.035,0.016,0.194,0.201,0.554

71822,0.074,0.121,0.106,0.201,0.499

72826,0.148,0.11,0.12,0.143,0.479

72064,0.048,0.045,0.136,0.297,0.474

72776,0.075,0.088,0.159,0.114,0.564

72672,0.171,0.112,0.119,0.108,0.49

71839,0.064,0.124,0.106,0.219,0.487

72313,0.033,0.109,0.134,0.284,0.44

72036,0.068,0.128,0.127,0.271,0.406

71935,0.081,0.095,0.136,0.166,0.521

71860,0.143,0.048,0.084,0.224,0.501

72648,0.107,0.14,0.084,0.261,0.408

71726,0.151,0.097,0.06,0.242,0.449

72016,0.098,0.051,0.08,0.367,0.404

72069,0.052,0.061,0.134,0.276,0.477

71950,0.064,0.061,0.2,0.176,0.501

72479,0.077,0.098,0.141,0.287,0.397

71932,0.18,0.08,0.217,0.076,0.446

72679,0.082,0.151,0.181,0.285,0.302

72064,0.062,0.17,0.103,0.273,0.391

72164,0.028,0.027,0.126,0.175,0.644

72425,0.051,0.145,0.203,0.289,0.311

72322,0.087,0.007,0.289,0.267,0.35

72122,0.066,0.044,0.154,0.212,0.524

72833,0.155,0.14,0.124,0.123,0.458

72679,0.1,0.088,0.125,0.149,0.538

72906,0.121,0.142,0.157,0.208,0.372

71823,0.12,0.093,0.155,0.165,0.467

72577,0.067,0.158,0.22,0.222,0.333

72663,0.067,0.092,0.11,0.234,0.498

71758,0.116,0.179,0.098,0.262,0.344

72679,0.033,0.06,0.096,0.272,0.539

72701,0.034,0.028,0.101,0.186,0.651

72137,0.026,0.054,0.152,0.277,0.491

72074,0.059,0.048,0.208,0.231,0.454

72833,0.116,0.1,0.112,0.198,0.474

94666,0.019,0.008,0.055,0.123,0.795

95223,0.025,0.085,0.088,0.19,0.612

95642,0.045,0.013,0.099,0.188,0.655

95966,0.015,0.043,0.111,0.204,0.626

95257,0.045,0.019,0.098,0.276,0.562

95987,0.027,0.031,0.092,0.151,0.7

94528,0.018,0.016,0.039,0.121,0.806

95531,0.01,0.135,0.112,0.196,0.547

95721,0.028,0.042,0.072,0.183,0.675

93750,0.021,0.022,0.059,0.156,0.741

95920,0.028,0.026,0.146,0.206,0.594

95553,0.042,0.006,0.018,0.069,0.865

92283,0.001,0.005,0.03,0.128,0.836

92389,0.033,0.011,0.008,0.058,0.889

93389,0.022,0.028,0.105,0.177,0.668

93242,0.075,0.016,0.049,0.094,0.766

95493,0.003,0.004,0.007,0.136,0.849

96123,0.064,0.068,0.162,0.225,0.482

90090,0.021,0.013,0.049,0.131,0.786

93653,0.019,0.059,0.048,0.124,0.751

94914,0.011,0,0.046,0.141,0.802

93653,0.01,0.094,0.049,0.186,0.661

95469,0.002,0.003,0.004,0.222,0.77

93665,0.026,0.036,0.089,0.146,0.703

96110,0.068,0.019,0.095,0.204,0.615

96133,0.011,0.026,0.012,0.07,0.88

93932,0.023,0.006,0.066,0.141,0.763

94562,0.017,0.026,0.033,0.149,0.773

95959,0.003,0.054,0.084,0.177,0.682

92899,0.023,0.021,0.046,0.156,0.754

95736,0.012,0.023,0.072,0.201,0.693

96103,0.063,0.067,0.053,0.146,0.671

92881,0.026,0.014,0.041,0.116,0.803

95680,0.025,0.028,0.062,0.164,0.722

95023,0.018,0.004,0.063,0.175,0.739

92357,0.027,0.022,0.048,0.134,0.768

92161,0.017,0.023,0.034,0.126,0.8

94146,0.017,0.011,0.035,0.121,0.817

95230,0.054,0.019,0.081,0.165,0.68

93475,0.025,0.024,0.037,0.169,0.745

94060,0.016,0.013,0.058,0.126,0.786

93199,0.015,0.02,0.075,0.153,0.737

95106,0.015,0.014,0.04,0.168,0.764

95064,0.008,0,0.086,0.109,0.797

96013,0.095,0.056,0.071,0.232,0.547

96126,0.14,0.053,0.047,0.143,0.617

96057,0.132,0.074,0.082,0.167,0.546

94534,0.043,0.046,0.035,0.148,0.728

95439,0.022,0.012,0.022,0.149,0.795

95230,0.032,0.028,0.062,0.173,0.705

95668,0.058,0.031,0.08,0.163,0.669

96075,0.057,0.062,0.141,0.195,0.545

96010,0.081,0.07,0.055,0.201,0.592

93207,0.025,0.039,0.115,0.136,0.685

95346,0.008,0.043,0.084,0.212,0.653

93099,0.024,0.011,0.033,0.156,0.777

95776,0.007,0.005,0.04,0.156,0.791

95918,0.057,0.035,0.071,0.167,0.669

80260,0.032,0.027,0.071,0.185,0.685

81146,0.052,0.133,0.094,0.228,0.493

80165,0.013,0.026,0.065,0.193,0.703

81147,0.041,0.041,0.155,0.276,0.488

81087,0.113,0.053,0.194,0.206,0.435

81054,0.033,0.036,0.172,0.191,0.567

80314,0.008,0.015,0.032,0.195,0.75

80603,0.018,0.005,0.042,0.201,0.734

81228,0.038,0.045,0.134,0.138,0.645

80802,0.016,0.187,0.106,0.398,0.292

80444,0.002,0.015,0.138,0.123,0.723

81148,0.06,0.106,0.093,0.195,0.545

81138,0.034,0.072,0.076,0.175,0.644

81033,0.002,0.034,0.08,0.294,0.59

81069,0.017,0.098,0.153,0.234,0.498

81416,0.087,0.094,0.074,0.295,0.45

80291,0.02,0.018,0.062,0.194,0.707

81320,0.052,0.039,0.066,0.252,0.591

80134,0.013,0.041,0.081,0.192,0.673

80426,0.008,0.003,0.033,0.269,0.687

80830,0.016,0.044,0.19,0.246,0.505

80997,0.031,0.089,0.081,0.196,0.603

80816,0.006,0.069,0.062,0.2,0.663

81650,0.065,0.04,0.037,0.326,0.532

80403,0.001,0.027,0.017,0.17,0.785

80468,0.006,0.002,0.05,0.187,0.754

81224,0.057,0.039,0.043,0.281,0.581

81130,0.043,0.05,0.117,0.271,0.519

81069,0.028,0.051,0.051,0.275,0.595

80480,0.021,0.027,0.09,0.342,0.52

80470,0.028,0.031,0.075,0.194,0.673

81021,0.028,0.051,0.159,0.27,0.492

80815,0.024,0.323,0.119,0.344,0.19

81228,0.002,0.016,0.036,0.193,0.753

81328,0.043,0.02,0.122,0.274,0.541

80539,0.013,0.037,0.06,0.231,0.659

81064,0.052,0.03,0.101,0.17,0.648

80818,0.013,0.068,0.196,0.403,0.321

80722,0.078,0.202,0.101,0.368,0.251

81643,0.075,0.105,0.098,0.222,0.499

81130,0.049,0.072,0.138,0.264,0.478

81625,0.041,0.142,0.162,0.284,0.371

81334,0.057,0.019,0.081,0.257,0.586

81422,0.085,0.092,0.074,0.314,0.436

80742,0.083,0.161,0.116,0.245,0.396

81059,0.004,0.047,0.102,0.194,0.653

81427,0.06,0.08,0.069,0.295,0.495

80449,0.021,0.018,0.103,0.137,0.722

80746,0.05,0.19,0.137,0.255,0.368

81642,0.019,0.014,0.016,0.318,0.633

81041,0.079,0.046,0.205,0.201,0.469

81019,0.018,0.044,0.074,0.28,0.584

81650,0.111,0.092,0.074,0.265,0.458

81144,0.061,0.144,0.11,0.242,0.444

80428,0.008,0.036,0.092,0.375,0.489

81131,0.065,0.122,0.138,0.232,0.443

81433,0.032,0.038,0.097,0.27,0.563

81430,0.043,0.058,0.074,0.26,0.565

80744,0.065,0.162,0.138,0.267,0.368

80498,0,0.001,0.064,0.151,0.784

80863,0.105,0.087,0.066,0.145,0.597

80740,0.077,0.208,0.101,0.303,0.31

80623,0.046,0.038,0.135,0.231,0.55

80807,0.038,0.284,0.133,0.255,0.29

06491,0.027,0.019,0.06,0.114,0.78

06199,0.015,0.023,0.065,0.13,0.767

06758,0.017,0.051,0.021,0.098,0.812

06481,0.003,0.007,0.055,0.128,0.807

06408,0.023,0.014,0.053,0.115,0.795

06376,0.025,0.021,0.066,0.142,0.747

06075,0.008,0.008,0.027,0.147,0.81

06233,0.022,0.041,0.082,0.137,0.718

19961,0.026,0.006,0.106,0.051,0.811

19809,0.027,0.013,0.041,0.133,0.786

19969,0.005,0.001,0.035,0.103,0.856

20420,0.012,0.013,0.069,0.164,0.743

32658,0.001,0.024,0.053,0.17,0.751

32063,0.087,0.076,0.18,0.215,0.442

32402,0.065,0.109,0.076,0.202,0.548

32026,0.106,0.168,0.172,0.173,0.381

32954,0.068,0.073,0.096,0.157,0.607

33302,0.026,0.023,0.043,0.117,0.791

32442,0.034,0.055,0.138,0.267,0.507

34269,0.051,0.049,0.101,0.158,0.64

34429,0.09,0.036,0.087,0.178,0.609

32065,0.055,0.067,0.15,0.209,0.52

34138,0.04,0.023,0.067,0.212,0.658

32094,0.047,0.026,0.288,0.254,0.385

34269,0.023,0.064,0.056,0.142,0.715

32359,0.071,0.095,0.119,0.318,0.397

32238,0.049,0.042,0.086,0.194,0.629

32559,0.019,0.052,0.095,0.31,0.524

32137,0.079,0.05,0.113,0.157,0.602

32328,0.022,0.101,0.237,0.228,0.412

32333,0.06,0.033,0.104,0.227,0.575

32643,0.016,0.151,0.069,0.324,0.44

33960,0.047,0.082,0.098,0.096,0.677

32465,0.046,0.125,0.12,0.249,0.46

32096,0.101,0.071,0.235,0.227,0.365

33865,0.114,0.041,0.179,0.186,0.48

34142,0.046,0.042,0.112,0.15,0.65

34611,0.09,0.04,0.091,0.19,0.589

33960,0.025,0.056,0.145,0.138,0.635

33587,0.023,0.031,0.069,0.155,0.722

32452,0.17,0.077,0.081,0.111,0.562

32970,0.054,0.065,0.082,0.193,0.607

32442,0.064,0.108,0.129,0.174,0.526

32337,0.019,0.017,0.099,0.183,0.682

32066,0.102,0.081,0.22,0.208,0.389

34737,0.047,0.062,0.074,0.185,0.632

33911,0.052,0.05,0.073,0.176,0.648

32316,0.051,0.022,0.071,0.156,0.7

32644,0.017,0.132,0.072,0.187,0.592

32360,0.022,0.023,0.205,0.268,0.482

32340,0.164,0.085,0.148,0.264,0.34

34215,0.074,0.037,0.062,0.201,0.626

34489,0.046,0.087,0.121,0.203,0.543

34997,0.027,0.018,0.066,0.169,0.719

33039,0.032,0.023,0.06,0.128,0.756

33037,0.007,0.001,0.014,0.159,0.819

32097,0.09,0.07,0.147,0.223,0.47

32567,0.091,0.083,0.147,0.21,0.469

34973,0.016,0.034,0.064,0.171,0.715

32831,0.02,0.02,0.072,0.164,0.724

33896,0.025,0.022,0.058,0.176,0.72

33459,0.03,0.02,0.05,0.116,0.784

33574,0.027,0.029,0.055,0.179,0.709

33784,0.025,0.019,0.074,0.133,0.75

33877,0.05,0.063,0.085,0.172,0.63

32112,0.068,0.05,0.114,0.186,0.581

32080,0.047,0.071,0.097,0.223,0.561

34948,0.077,0.022,0.08,0.173,0.648

32565,0.047,0.068,0.166,0.265,0.453

34274,0.017,0.031,0.073,0.175,0.704

32747,0.037,0.039,0.066,0.141,0.717

33521,0.037,0.036,0.064,0.235,0.628

32094,0.105,0.055,0.244,0.227,0.369

32347,0.103,0.086,0.19,0.145,0.476

32054,0.044,0.04,0.176,0.267,0.473

32739,0.035,0.066,0.089,0.192,0.618

32355,0.032,0.092,0.172,0.275,0.429

32567,0.092,0.06,0.092,0.244,0.512

32463,0.138,0.085,0.062,0.158,0.557

31510,0.085,0.117,0.23,0.152,0.416

31635,0.059,0.1,0.179,0.217,0.445

31510,0.071,0.132,0.187,0.188,0.421

39837,0.027,0.048,0.054,0.127,0.743

31087,0.02,0.089,0.107,0.29,0.494

30554,0.136,0.103,0.125,0.238,0.399

30666,0.063,0.086,0.092,0.19,0.568

30121,0.215,0.05,0.123,0.143,0.47

31783,0.129,0.078,0.109,0.202,0.483

31794,0.073,0.098,0.156,0.214,0.46

31210,0.043,0.094,0.176,0.201,0.487

31065,0.089,0.031,0.117,0.256,0.508

31553,0.047,0.129,0.15,0.164,0.51

31626,0.092,0.165,0.124,0.235,0.385

31324,0.033,0.039,0.095,0.238,0.595

30461,0.053,0.049,0.163,0.31,0.424

30816,0.105,0.109,0.087,0.208,0.492

30233,0.125,0.037,0.144,0.163,0.53

39813,0.013,0.035,0.043,0.172,0.737

31547,0.136,0.125,0.17,0.113,0.456

30451,0.037,0.045,0.177,0.264,0.477

30182,0.089,0.133,0.154,0.168,0.457

30726,0.143,0.152,0.114,0.217,0.375

31553,0.065,0.094,0.15,0.196,0.495

31412,0.035,0.04,0.144,0.158,0.624

31995,0.061,0.072,0.108,0.214,0.545

30747,0.116,0.102,0.187,0.143,0.451

30146,0.049,0.054,0.1,0.213,0.584

30609,0.054,0.057,0.06,0.226,0.603

39851,0.028,0.066,0.12,0.223,0.562

30237,0.038,0.054,0.125,0.159,0.624

31649,0.06,0.058,0.134,0.168,0.58

30156,0.039,0.049,0.116,0.225,0.572

31512,0.085,0.124,0.164,0.222,0.404

31756,0.108,0.191,0.074,0.233,0.394

30917,0.061,0.064,0.095,0.234,0.547

31637,0.098,0.134,0.123,0.203,0.441

30264,0.105,0.053,0.183,0.204,0.455

31050,0.057,0.051,0.231,0.192,0.468

31010,0.119,0.023,0.06,0.163,0.635

30757,0.128,0.222,0.13,0.249,0.27

30641,0.049,0.09,0.128,0.162,0.571

39897,0.093,0.04,0.171,0.18,0.516

39901,0.036,0.028,0.075,0.156,0.704

31023,0.145,0.025,0.15,0.236,0.443

31070,0.077,0.034,0.058,0.204,0.627

31705,0.033,0.037,0.045,0.159,0.726

30106,0.083,0.037,0.09,0.198,0.591

39837,0.045,0.062,0.156,0.253,0.485

31649,0.097,0.073,0.182,0.202,0.446

31329,0.044,0.064,0.145,0.272,0.475

30662,0.132,0.177,0.081,0.107,0.503

30477,0.062,0.044,0.142,0.252,0.5

30427,0.03,0.078,0.229,0.29,0.372

30513,0.075,0.088,0.125,0.112,0.6

30290,0.06,0.086,0.131,0.218,0.505

30162,0.186,0.036,0.234,0.148,0.395

30004,0.035,0.048,0.083,0.193,0.641

30662,0.168,0.074,0.117,0.215,0.425

30388,0.026,0.036,0.089,0.187,0.662

30513,0.128,0.042,0.087,0.198,0.545

30820,0.156,0.066,0.107,0.13,0.541

31525,0.048,0.071,0.145,0.251,0.485

30732,0.172,0.1,0.201,0.157,0.369

39829,0.063,0.139,0.116,0.264,0.417

30669,0.062,0.046,0.057,0.176,0.658

30099,0.036,0.054,0.081,0.19,0.639

30535,0.063,0.1,0.116,0.292,0.43

30567,0.061,0.069,0.128,0.198,0.545

31087,0.043,0.111,0.102,0.168,0.575

30153,0.184,0.123,0.165,0.184,0.345

31829,0.093,0.081,0.061,0.213,0.551

30662,0.092,0.061,0.14,0.207,0.5

30263,0.126,0.094,0.166,0.144,0.471

30233,0.103,0.048,0.091,0.181,0.578

31098,0.032,0.079,0.136,0.172,0.581

31749,0.098,0.091,0.126,0.224,0.46

30599,0.125,0.085,0.117,0.24,0.434

31038,0.082,0.059,0.181,0.118,0.56

31510,0.124,0.138,0.165,0.183,0.39

30823,0.251,0.055,0.099,0.102,0.493

30822,0.114,0.053,0.084,0.261,0.488

30477,0.119,0.053,0.109,0.251,0.468

31038,0.049,0.087,0.226,0.209,0.43

30256,0.07,0.06,0.171,0.293,0.406

31649,0.102,0.07,0.145,0.181,0.502

31065,0.122,0.056,0.141,0.291,0.391

31764,0.035,0.033,0.039,0.162,0.732

31301,0.007,0.099,0.066,0.215,0.614

30668,0.073,0.104,0.111,0.233,0.479

31301,0.014,0.119,0.086,0.159,0.621

31641,0.108,0.101,0.149,0.208,0.435

30597,0.035,0.086,0.13,0.245,0.504

30828,0.072,0.053,0.123,0.265,0.488

31327,0.034,0.076,0.188,0.221,0.481

31030,0.078,0.049,0.113,0.21,0.55

30647,0.165,0.084,0.055,0.186,0.511

31824,0.084,0.12,0.167,0.196,0.433

31830,0.109,0.086,0.138,0.15,0.517

39837,0.064,0.056,0.182,0.159,0.539

31730,0.044,0.112,0.055,0.159,0.63

31004,0.072,0.035,0.184,0.253,0.455

30474,0.114,0.083,0.174,0.228,0.401

30641,0.061,0.064,0.093,0.168,0.614

30724,0.193,0.03,0.182,0.177,0.417

31829,0.063,0.073,0.083,0.225,0.555

30233,0.094,0.076,0.123,0.207,0.5

30621,0.049,0.063,0.095,0.181,0.611

30669,0.056,0.082,0.054,0.181,0.627

30153,0.097,0.068,0.108,0.233,0.494

31030,0.027,0.074,0.172,0.16,0.567

30175,0.038,0.118,0.101,0.188,0.555

31510,0.05,0.143,0.127,0.157,0.522

30256,0.059,0.06,0.147,0.192,0.542

30153,0.106,0.071,0.192,0.145,0.485

31023,0.079,0.031,0.098,0.218,0.575

31061,0.059,0.093,0.118,0.214,0.516

39867,0.053,0.15,0.095,0.163,0.538

30552,0.1,0.083,0.124,0.229,0.464

39851,0.016,0.065,0.05,0.2,0.669

30813,0.068,0.059,0.114,0.18,0.578

30281,0.058,0.078,0.115,0.216,0.534

31058,0.07,0.102,0.117,0.214,0.497

30449,0.198,0.069,0.081,0.242,0.41

39861,0.073,0.079,0.202,0.135,0.51

30248,0.072,0.038,0.179,0.202,0.509

30577,0.087,0.116,0.116,0.31,0.37

31821,0.055,0.092,0.133,0.203,0.517

31764,0.055,0.056,0.046,0.202,0.641

31831,0.168,0.08,0.089,0.171,0.492

30669,0.065,0.048,0.086,0.158,0.644

30438,0.051,0.076,0.214,0.224,0.434

31039,0.126,0.069,0.182,0.201,0.422

31544,0.156,0.075,0.134,0.208,0.427

39885,0.019,0.029,0.03,0.167,0.755

31626,0.026,0.096,0.12,0.228,0.53

31794,0.066,0.088,0.122,0.227,0.496

30474,0.097,0.069,0.179,0.226,0.429

30546,0.076,0.096,0.098,0.199,0.531

30474,0.096,0.07,0.168,0.267,0.399

31833,0.175,0.031,0.119,0.178,0.497

31783,0.141,0.042,0.094,0.175,0.547

31020,0.04,0.077,0.188,0.148,0.547

30546,0.065,0.119,0.087,0.168,0.56

30256,0.16,0.1,0.114,0.206,0.421

30740,0.144,0.164,0.117,0.21,0.366

30019,0.106,0.127,0.184,0.141,0.442

31510,0.061,0.108,0.109,0.166,0.556

30819,0.095,0.065,0.14,0.226,0.474

31087,0.104,0.07,0.053,0.157,0.617

31598,0.029,0.139,0.143,0.139,0.55

39877,0.019,0.064,0.103,0.21,0.603

30428,0.135,0.078,0.162,0.23,0.395

30554,0.057,0.064,0.099,0.347,0.433

30740,0.185,0.068,0.203,0.142,0.403

31750,0.173,0.017,0.083,0.157,0.569

30660,0.08,0.086,0.114,0.172,0.548

31065,0.039,0.062,0.141,0.224,0.534

31781,0.069,0.056,0.083,0.187,0.605

96785,0.01,0.032,0.037,0.122,0.799

96762,0.011,0.012,0.027,0.151,0.798

96742,0.026,0.013,0.032,0.08,0.85

96752,0,0.021,0.046,0.108,0.825

96790,0.034,0.016,0.025,0.122,0.803

83735,0.118,0.078,0.084,0.194,0.526

83654,0.094,0.216,0.218,0.218,0.254

83206,0.084,0.193,0.176,0.195,0.352

83276,0.151,0.12,0.102,0.243,0.385

83833,0.038,0.059,0.15,0.152,0.601

83262,0.095,0.197,0.175,0.229,0.304

83320,0.155,0.107,0.102,0.13,0.506

83602,0.057,0.038,0.038,0.549,0.318

83841,0.088,0.116,0.119,0.241,0.436

83449,0.096,0.202,0.188,0.247,0.268

83853,0.045,0.171,0.061,0.185,0.537

83213,0.107,0.213,0.159,0.222,0.298

83327,0.186,0.03,0.047,0.098,0.639

83606,0.113,0.095,0.17,0.24,0.381

83276,0.1,0.181,0.191,0.202,0.326

83312,0.134,0.223,0.102,0.149,0.392

83435,0.119,0.228,0.196,0.239,0.218

83537,0.037,0.112,0.127,0.25,0.475

83251,0.069,0.029,0.199,0.244,0.458

83716,0.206,0.044,0.038,0.173,0.539

83263,0.131,0.118,0.085,0.256,0.41

83421,0.111,0.206,0.202,0.247,0.233

83616,0.119,0.136,0.111,0.198,0.436

83352,0.211,0.202,0.089,0.153,0.345

83533,0.045,0.094,0.164,0.275,0.423

83435,0.099,0.208,0.192,0.249,0.252

83347,0.175,0.219,0.096,0.167,0.343

83833,0.146,0.105,0.17,0.22,0.359

83537,0.002,0.012,0.066,0.328,0.592

83229,0.109,0.173,0.231,0.125,0.362

83536,0.027,0.073,0.157,0.285,0.459

83347,0.18,0.2,0.105,0.135,0.379

83441,0.101,0.207,0.196,0.25,0.245

83347,0.134,0.219,0.106,0.152,0.39

83537,0.009,0.03,0.117,0.326,0.517

83243,0.083,0.173,0.153,0.185,0.406

83302,0.123,0.137,0.146,0.171,0.423

83661,0.081,0.199,0.174,0.242,0.304

83212,0.078,0.205,0.152,0.185,0.381

83874,0.068,0.144,0.299,0.147,0.342

83436,0.099,0.189,0.19,0.25,0.272

83302,0.166,0.222,0.101,0.177,0.335

83635,0.041,0.118,0.102,0.378,0.361

83661,0.136,0.13,0.324,0.172,0.239

62325,0.18,0.092,0.189,0.19,0.35

62988,0.11,0.082,0.148,0.262,0.398

62246,0.07,0.055,0.108,0.218,0.549

61016,0.025,0.006,0.065,0.244,0.66

62378,0.18,0.099,0.136,0.2,0.385

61322,0.012,0.019,0.156,0.208,0.605

62013,0.082,0.06,0.219,0.366,0.273

61014,0.03,0.064,0.12,0.19,0.596

62622,0.103,0.08,0.19,0.187,0.441

61803,0,0.067,0.08,0.192,0.661

62517,0.059,0.057,0.091,0.19,0.603

62477,0.127,0.089,0.107,0.226,0.451

62434,0.062,0.115,0.145,0.306,0.372

62293,0.102,0.063,0.083,0.166,0.587

62474,0.112,0.055,0.201,0.221,0.411

60179,0.023,0.021,0.072,0.162,0.722

62442,0.146,0.196,0.047,0.219,0.392

62467,0.095,0.075,0.194,0.212,0.424

60129,0.007,0.012,0.034,0.191,0.756

62512,0.035,0.106,0.073,0.28,0.507

61942,0.048,0.061,0.105,0.191,0.594

60199,0.01,0.01,0.056,0.163,0.76

61940,0.174,0.09,0.131,0.208,0.398

62476,0.086,0.148,0.233,0.306,0.228

62467,0.072,0.072,0.214,0.232,0.41

62854,0.069,0.076,0.156,0.229,0.47

60962,0.011,0.082,0.167,0.172,0.567

62856,0.099,0.166,0.119,0.211,0.405

61543,0.016,0.03,0.311,0.199,0.444

62954,0.201,0.06,0.128,0.238,0.373

62044,0.136,0.029,0.109,0.217,0.508

60450,0.056,0.056,0.105,0.183,0.599

62935,0.138,0.179,0.1,0.21,0.373

62358,0.147,0.154,0.125,0.163,0.411

62982,0.163,0.072,0.235,0.191,0.34

61425,0.096,0.044,0.101,0.155,0.604

61414,0.067,0.072,0.061,0.203,0.597

60922,0.097,0.168,0.069,0.242,0.424

62902,0.066,0.078,0.151,0.209,0.496

62434,0.099,0.135,0.131,0.254,0.38

62877,0.122,0.126,0.08,0.279,0.393

62063,0.074,0.079,0.124,0.185,0.537

61041,0.034,0.104,0.22,0.178,0.465

62923,0.124,0.05,0.189,0.141,0.496

60539,0.013,0.026,0.048,0.165,0.748

60913,0.044,0.084,0.096,0.249,0.527

60554,0.001,0.009,0.065,0.136,0.788

61402,0.035,0.031,0.194,0.246,0.494

60086,0.02,0.018,0.046,0.146,0.769

61371,0.018,0.046,0.113,0.267,0.556

62417,0.197,0.157,0.105,0.281,0.26

61310,0.013,0.054,0.058,0.224,0.65

60962,0.03,0.147,0.08,0.234,0.51

62643,0.046,0.045,0.23,0.128,0.551

61416,0.041,0.091,0.097,0.182,0.59

60180,0.03,0.012,0.066,0.176,0.716

61709,0.085,0.062,0.091,0.201,0.561

62532,0.016,0.062,0.088,0.286,0.549

62023,0.015,0.05,0.147,0.227,0.561

62273,0.035,0.045,0.083,0.189,0.648

62870,0.1,0.093,0.101,0.302,0.404

61760,0.048,0.083,0.133,0.198,0.538

62633,0.238,0.031,0.292,0.126,0.313

62953,0.097,0.043,0.232,0.256,0.373

62675,0.102,0.047,0.138,0.172,0.54

61442,0.039,0.066,0.11,0.215,0.571

62279,0.003,0.04,0.112,0.174,0.67

62690,0.018,0.05,0.091,0.316,0.525

62611,0.05,0.062,0.177,0.178,0.533

61928,0.081,0.073,0.213,0.243,0.39

61043,0.053,0.045,0.129,0.184,0.589

61641,0.039,0.036,0.096,0.251,0.577

62238,0.055,0.092,0.104,0.358,0.392

61875,0.003,0.052,0.06,0.198,0.688

62352,0.138,0.079,0.218,0.205,0.36

62928,0.104,0.054,0.213,0.214,0.415

62941,0.117,0.064,0.189,0.225,0.405

61340,0.021,0.025,0.168,0.251,0.535

62238,0.008,0.032,0.117,0.391,0.452

62419,0.111,0.151,0.107,0.3,0.331

61273,0.078,0.025,0.066,0.235,0.596

62293,0.032,0.027,0.037,0.138,0.767

62946,0.117,0.106,0.111,0.204,0.462

62716,0.017,0.03,0.155,0.233,0.564

62367,0.132,0.1,0.152,0.198,0.417

62628,0.113,0.057,0.148,0.162,0.52

61928,0.07,0.047,0.168,0.245,0.469

61434,0.013,0.101,0.058,0.155,0.672

61060,0.036,0.059,0.041,0.222,0.644

61571,0.044,0.04,0.141,0.215,0.56

62923,0.1,0.078,0.162,0.195,0.466

61870,0.023,0.119,0.088,0.266,0.504

62460,0.078,0.113,0.271,0.325,0.212

61474,0.042,0.02,0.141,0.276,0.522

62255,0.118,0.046,0.053,0.327,0.456

62843,0.086,0.142,0.128,0.3,0.345

62862,0.19,0.144,0.095,0.239,0.332

61251,0.025,0.066,0.042,0.218,0.649

60475,0.041,0.024,0.062,0.134,0.739

62902,0.095,0.122,0.136,0.183,0.464

61016,0.031,0.03,0.089,0.193,0.657

61760,0.062,0.067,0.112,0.242,0.517

46733,0.136,0.047,0.16,0.348,0.309

46854,0.07,0.14,0.099,0.228,0.464

47226,0.138,0.084,0.085,0.286,0.406

47995,0.082,0.126,0.112,0.183,0.496

47369,0.093,0.152,0.106,0.203,0.447

46071,0.052,0.085,0.142,0.308,0.413

47201,0.055,0.061,0.041,0.184,0.66

46979,0.059,0.104,0.17,0.22,0.447

46942,0.037,0.192,0.283,0.206,0.283

47177,0.068,0.06,0.141,0.228,0.501

47833,0.122,0.073,0.112,0.226,0.466

47930,0.088,0.033,0.132,0.285,0.462

47513,0.067,0.089,0.118,0.261,0.465

47449,0.049,0.061,0.13,0.214,0.546

47031,0.083,0.1,0.168,0.277,0.371

47244,0.175,0.083,0.101,0.204,0.437

46788,0.109,0.074,0.118,0.149,0.55

47305,0.095,0.109,0.124,0.197,0.475

47513,0.01,0.105,0.086,0.25,0.55

46507,0.03,0.097,0.094,0.252,0.528

47322,0.161,0.041,0.048,0.237,0.514

47146,0.053,0.086,0.154,0.233,0.474

47918,0.077,0.089,0.147,0.212,0.474

47035,0.07,0.082,0.104,0.199,0.545

46975,0.142,0.114,0.128,0.217,0.399

47649,0.09,0.1,0.204,0.255,0.351

46070,0.053,0.108,0.133,0.311,0.393

47449,0.099,0.027,0.081,0.235,0.558

46050,0.07,0.051,0.049,0.234,0.596

46239,0.068,0.04,0.166,0.306,0.42

47120,0.094,0.084,0.205,0.258,0.359

46103,0.054,0.052,0.113,0.257,0.523

46186,0.183,0.148,0.125,0.111,0.434

46979,0.008,0.083,0.183,0.301,0.426

46702,0.15,0.182,0.053,0.199,0.416

47201,0.097,0.098,0.105,0.388,0.312

47995,0.186,0.1,0.065,0.328,0.321

47369,0.141,0.139,0.157,0.235,0.328

47227,0.083,0.219,0.218,0.225,0.255

47227,0.095,0.105,0.172,0.308,0.319

46259,0.057,0.094,0.1,0.192,0.557

47557,0.158,0.125,0.121,0.259,0.338

46502,0.073,0.147,0.089,0.195,0.496

46771,0.059,0.082,0.171,0.236,0.452

46406,0.043,0.057,0.088,0.219,0.592

46574,0.084,0.075,0.168,0.206,0.466

47467,0.092,0.117,0.109,0.191,0.491

46051,0.062,0.084,0.15,0.145,0.559

46213,0.051,0.053,0.116,0.232,0.548

46513,0.12,0.103,0.159,0.229,0.389

47449,0.041,0.064,0.123,0.223,0.55

46911,0.054,0.125,0.253,0.226,0.343

46151,0.037,0.037,0.094,0.242,0.591

47965,0.07,0.116,0.168,0.156,0.49

47456,0.06,0.131,0.136,0.188,0.485

47943,0.102,0.153,0.092,0.338,0.316

46795,0.057,0.11,0.135,0.197,0.5

47017,0.06,0.078,0.18,0.223,0.459

47513,0.096,0.086,0.073,0.315,0.43

47833,0.094,0.038,0.087,0.282,0.5

47862,0.116,0.111,0.174,0.195,0.405

47513,0.01,0.109,0.087,0.252,0.542

47584,0.052,0.089,0.163,0.2,0.495

46393,0.05,0.1,0.108,0.231,0.512

47612,0.132,0.056,0.115,0.226,0.472

46996,0.135,0.219,0.171,0.253,0.223

47456,0.075,0.162,0.204,0.194,0.366

47382,0.128,0.13,0.228,0.179,0.336

47031,0.054,0.074,0.15,0.294,0.429

46104,0.133,0.118,0.063,0.279,0.408

46635,0.031,0.04,0.102,0.228,0.598

47230,0.036,0.073,0.168,0.263,0.46

47234,0.16,0.057,0.177,0.193,0.413

47532,0.017,0.134,0.104,0.216,0.529

46996,0.177,0.151,0.088,0.219,0.365

46795,0.04,0.089,0.17,0.169,0.532

47866,0.127,0.071,0.077,0.207,0.517

47020,0.089,0.125,0.209,0.234,0.344

47918,0.093,0.083,0.102,0.204,0.518

46979,0.033,0.082,0.089,0.444,0.352

47325,0.095,0.053,0.106,0.178,0.569

47703,0.07,0.039,0.115,0.234,0.542

47847,0.113,0.105,0.134,0.223,0.426

47851,0.118,0.064,0.102,0.25,0.466

46911,0.07,0.11,0.237,0.202,0.381

47918,0.079,0.115,0.092,0.223,0.492

47537,0.045,0.038,0.117,0.252,0.548

47120,0.097,0.074,0.062,0.356,0.411

47335,0.162,0.09,0.138,0.261,0.348

46781,0.205,0.05,0.077,0.337,0.332

47995,0.056,0.177,0.194,0.189,0.384

46818,0.061,0.186,0.132,0.16,0.46

50837,0.073,0.128,0.128,0.307,0.364

50837,0.148,0.11,0.15,0.311,0.281

52140,0.138,0.049,0.132,0.212,0.469

52594,0.044,0.11,0.239,0.193,0.413

50058,0.224,0.073,0.194,0.187,0.322

52354,0.098,0.067,0.13,0.2,0.504

50643,0.032,0.053,0.18,0.289,0.447

50031,0.09,0.08,0.1,0.197,0.533

50658,0.048,0.062,0.197,0.268,0.424

52218,0.021,0.124,0.087,0.394,0.373

51033,0.183,0.062,0.26,0.207,0.288

50660,0.052,0.094,0.208,0.23,0.417

50551,0.212,0.117,0.213,0.153,0.304

50058,0.153,0.11,0.241,0.139,0.358

50274,0.341,0.07,0.124,0.238,0.227

52777,0.026,0.096,0.142,0.355,0.381

50402,0.061,0.365,0.146,0.213,0.215

51058,0.183,0.105,0.221,0.182,0.309

52171,0.075,0.136,0.197,0.236,0.356

50174,0.078,0.167,0.143,0.194,0.418

51058,0.224,0.035,0.112,0.189,0.441

52050,0.123,0.084,0.137,0.284,0.371

52751,0.092,0.13,0.079,0.269,0.43

51436,0.089,0.045,0.141,0.064,0.66

50266,0.036,0.102,0.118,0.26,0.485

52594,0.038,0.101,0.249,0.201,0.411

50144,0.248,0.132,0.258,0.068,0.294

52050,0.035,0.137,0.137,0.408,0.283

52660,0.135,0.081,0.109,0.122,0.553

51363,0.276,0.027,0.091,0.173,0.433

52004,0.037,0.155,0.189,0.189,0.43

50531,0.241,0.083,0.067,0.181,0.428

52166,0.054,0.075,0.128,0.349,0.394

50658,0.063,0.271,0.148,0.25,0.268

50431,0.088,0.278,0.187,0.186,0.261

51645,0.048,0.061,0.071,0.209,0.611

50059,0.116,0.141,0.235,0.153,0.354

50643,0.038,0.042,0.203,0.238,0.48

50058,0.162,0.073,0.143,0.283,0.34

50130,0.143,0.118,0.129,0.153,0.457

50430,0.08,0.384,0.146,0.174,0.216

50227,0.074,0.075,0.195,0.214,0.441

51558,0.118,0.044,0.094,0.178,0.565

52654,0.123,0.142,0.091,0.183,0.461

52171,0.077,0.151,0.176,0.183,0.413

50430,0.243,0.268,0.147,0.102,0.24

51018,0.153,0.094,0.246,0.128,0.38

52251,0.027,0.149,0.135,0.239,0.45

52075,0.032,0.096,0.229,0.232,0.411

50242,0.102,0.105,0.233,0.212,0.347

52557,0.074,0.116,0.221,0.191,0.398

52243,0.014,0.044,0.069,0.2,0.673

52312,0.04,0.105,0.165,0.336,0.355

50255,0.035,0.126,0.287,0.28,0.272

50430,0.135,0.318,0.101,0.173,0.272

52649,0.17,0.146,0.131,0.161,0.392

52219,0.039,0.081,0.115,0.201,0.563

52327,0.097,0.058,0.15,0.214,0.482

52569,0.032,0.204,0.196,0.185,0.384

51241,0.078,0.173,0.157,0.247,0.344

50174,0.01,0.102,0.136,0.268,0.484

50027,0.069,0.067,0.294,0.283,0.287

50116,0.053,0.049,0.209,0.26,0.429

50106,0.077,0.064,0.153,0.226,0.48

51645,0.064,0.084,0.091,0.281,0.481

50454,0.046,0.282,0.149,0.26,0.263

51558,0.078,0.069,0.087,0.127,0.64

52594,0.034,0.078,0.256,0.247,0.385

51645,0.218,0.034,0.084,0.378,0.286

52769,0.12,0.022,0.221,0.273,0.364

51058,0.173,0.054,0.267,0.187,0.319

51232,0.195,0.051,0.233,0.199,0.322

51645,0.088,0.053,0.068,0.31,0.481

50597,0.199,0.116,0.088,0.179,0.419

51045,0.125,0.145,0.166,0.162,0.402

50597,0.214,0.124,0.162,0.165,0.335

50947,0.044,0.089,0.136,0.259,0.473

51570,0.115,0.083,0.147,0.264,0.39

50027,0.121,0.145,0.187,0.164,0.383

50835,0.144,0.138,0.281,0.162,0.275

51436,0.18,0.071,0.286,0.159,0.303

52805,0.075,0.027,0.126,0.277,0.494

51570,0.099,0.059,0.182,0.145,0.516

51232,0.12,0.06,0.285,0.2,0.335

50124,0.045,0.075,0.071,0.235,0.574

50612,0.066,0.053,0.209,0.181,0.491

50836,0.09,0.151,0.185,0.282,0.292

50174,0.03,0.125,0.172,0.21,0.462

52651,0.107,0.128,0.175,0.218,0.372

52537,0.034,0.082,0.293,0.221,0.37

50321,0.055,0.182,0.181,0.245,0.337

52654,0.035,0.102,0.123,0.151,0.589

50165,0.138,0.148,0.252,0.12,0.342

50557,0.209,0.167,0.161,0.101,0.362

50436,0.07,0.329,0.176,0.197,0.228

52171,0.122,0.044,0.151,0.177,0.505

51030,0.113,0.165,0.137,0.16,0.425

50434,0.072,0.271,0.175,0.231,0.251

50101,0.172,0.299,0.173,0.125,0.232

66716,0.153,0.212,0.126,0.167,0.341

66015,0.189,0.063,0.137,0.267,0.344

66060,0.137,0.122,0.169,0.256,0.316

67065,0.069,0.147,0.118,0.329,0.336

67567,0.107,0.131,0.12,0.211,0.43

66716,0.167,0.146,0.077,0.12,0.49

66550,0.089,0.149,0.183,0.197,0.382

67012,0.053,0.133,0.122,0.222,0.47

66865,0.151,0.082,0.212,0.225,0.331

67360,0.128,0.137,0.185,0.214,0.337

66782,0.131,0.121,0.164,0.174,0.41

67731,0.065,0.27,0.174,0.235,0.256

67831,0.163,0.13,0.126,0.232,0.348

67487,0.081,0.069,0.115,0.229,0.507

66938,0.154,0.077,0.118,0.217,0.434

66871,0.085,0.119,0.165,0.404,0.227

67127,0.112,0.144,0.128,0.271,0.346

67019,0.075,0.093,0.28,0.131,0.421

66780,0.108,0.143,0.118,0.139,0.492

67635,0.163,0.118,0.211,0.235,0.273

67482,0.106,0.118,0.148,0.243,0.385

66532,0.137,0.193,0.184,0.214,0.272

66044,0.006,0.009,0.024,0.227,0.734

67552,0.052,0.086,0.135,0.221,0.506

67352,0.061,0.05,0.295,0.282,0.312

67520,0.154,0.154,0.224,0.148,0.32

67454,0.174,0.133,0.133,0.187,0.373

67835,0.166,0.089,0.163,0.239,0.343

67835,0.143,0.084,0.143,0.232,0.399

66064,0.063,0.06,0.159,0.354,0.364

67487,0.05,0.068,0.113,0.27,0.499

67736,0.24,0.089,0.234,0.151,0.287

67672,0.218,0.156,0.247,0.129,0.25

67860,0.14,0.108,0.15,0.231,0.37

67835,0.158,0.092,0.146,0.24,0.364

67762,0.135,0.131,0.181,0.229,0.323

66863,0.034,0.079,0.256,0.302,0.33

67836,0.131,0.095,0.189,0.217,0.368

67150,0.079,0.118,0.21,0.193,0.4

67056,0.075,0.058,0.121,0.323,0.423

67952,0.153,0.107,0.137,0.239,0.364

67835,0.126,0.075,0.163,0.225,0.412

66550,0.01,0.116,0.161,0.136,0.577

66060,0.026,0.069,0.09,0.182,0.634

66942,0.171,0.142,0.087,0.259,0.34

66201,0.029,0.019,0.075,0.224,0.654

67860,0.155,0.098,0.172,0.229,0.346

67118,0.081,0.212,0.114,0.128,0.464

67059,0.062,0.107,0.128,0.233,0.469

67354,0.168,0.123,0.091,0.147,0.471

67846,0.197,0.075,0.197,0.204,0.326

66044,0.087,0.135,0.092,0.142,0.544

67418,0.171,0.132,0.16,0.163,0.375

66072,0.14,0.053,0.121,0.285,0.4

67761,0.206,0.131,0.194,0.189,0.28

66865,0.113,0.111,0.133,0.3,0.344

67476,0.12,0.065,0.106,0.313,0.396

67428,0.101,0.068,0.209,0.279,0.343

66438,0.048,0.049,0.233,0.263,0.407

67864,0.164,0.123,0.115,0.235,0.362

66072,0.071,0.044,0.095,0.25,0.54

67418,0.173,0.116,0.144,0.18,0.388

67333,0.164,0.132,0.102,0.195,0.407

66859,0.11,0.094,0.148,0.244,0.404

67950,0.12,0.113,0.144,0.218,0.405

66550,0.035,0.094,0.203,0.236,0.432

66772,0.133,0.204,0.12,0.127,0.416

67521,0.15,0.083,0.199,0.198,0.371

67654,0.161,0.163,0.177,0.225,0.275

66871,0.018,0.09,0.088,0.24,0.564

67437,0.174,0.233,0.163,0.136,0.293

67418,0.131,0.117,0.164,0.191,0.396

67567,0.053,0.096,0.137,0.217,0.497

67664,0.15,0.244,0.126,0.19,0.29

66427,0.012,0.057,0.145,0.236,0.55

67583,0.02,0.183,0.101,0.309,0.387

67745,0.128,0.174,0.209,0.22,0.268

67583,0.135,0.077,0.143,0.191,0.454

66938,0.183,0.073,0.076,0.295,0.373

67554,0.153,0.086,0.11,0.241,0.41

67432,0.03,0.05,0.124,0.261,0.535

67639,0.179,0.22,0.218,0.123,0.26

67520,0.11,0.122,0.182,0.183,0.403

67481,0.16,0.174,0.174,0.157,0.335

67442,0.126,0.133,0.175,0.209,0.357

67871,0.197,0.09,0.19,0.21,0.313

67278,0.06,0.055,0.126,0.26,0.499

67952,0.138,0.14,0.092,0.226,0.403

66622,0.009,0.078,0.095,0.184,0.633

67753,0.231,0.112,0.236,0.154,0.267

67762,0.1,0.27,0.159,0.24,0.231

67638,0.142,0.257,0.088,0.195,0.319

67583,0.041,0.125,0.109,0.252,0.472

67878,0.127,0.098,0.172,0.216,0.388

67952,0.122,0.132,0.112,0.225,0.408

67118,0.104,0.039,0.115,0.298,0.444

67753,0.188,0.157,0.208,0.184,0.263

67631,0.203,0.115,0.256,0.137,0.291

66507,0.011,0.077,0.12,0.201,0.591

67762,0.128,0.21,0.154,0.246,0.262

66944,0.148,0.075,0.111,0.234,0.432

67863,0.173,0.112,0.184,0.219,0.313

66720,0.125,0.148,0.145,0.184,0.398

66777,0.092,0.175,0.171,0.247,0.314

66105,0.025,0.056,0.076,0.178,0.665

42720,0.076,0.115,0.167,0.243,0.399

42120,0.101,0.072,0.097,0.211,0.519

40372,0.062,0.01,0.044,0.483,0.401

42060,0.107,0.033,0.198,0.257,0.404

42746,0.053,0.093,0.09,0.176,0.588

40322,0.076,0.058,0.084,0.339,0.443

40940,0.146,0.094,0.12,0.199,0.44

41022,0.08,0.087,0.081,0.232,0.52

40374,0.024,0.037,0.042,0.129,0.769

41105,0.084,0.125,0.202,0.235,0.354

40328,0.092,0.037,0.112,0.161,0.598

41061,0.056,0.249,0.065,0.238,0.392

41348,0.114,0.081,0.126,0.241,0.438

40178,0.023,0.146,0.177,0.138,0.517

40299,0.037,0.091,0.156,0.181,0.535

42261,0.066,0.097,0.133,0.17,0.535

42408,0.059,0.067,0.26,0.177,0.438

42036,0.066,0.084,0.248,0.17,0.432

41073,0.073,0.085,0.134,0.278,0.43

42069,0.104,0.045,0.188,0.236,0.428

40011,0.155,0.171,0.12,0.208,0.346

41146,0.069,0.102,0.122,0.324,0.383

42528,0.164,0.076,0.161,0.154,0.444

42464,0.06,0.118,0.178,0.279,0.365

40515,0.083,0.093,0.11,0.233,0.48

40983,0.153,0.082,0.165,0.16,0.44

42717,0.096,0.115,0.248,0.165,0.375

42033,0.121,0.117,0.29,0.153,0.319

42167,0.067,0.106,0.224,0.229,0.374

42376,0.055,0.057,0.122,0.236,0.531

42160,0.055,0.057,0.086,0.179,0.624

41164,0.117,0.1,0.051,0.289,0.443

40472,0.082,0.151,0.09,0.275,0.402

40526,0.031,0.051,0.066,0.202,0.65

41037,0.068,0.069,0.075,0.287,0.502

41649,0.131,0.066,0.129,0.134,0.54

40003,0.088,0.036,0.142,0.214,0.521

42050,0.1,0.102,0.202,0.217,0.38

41095,0.076,0.048,0.198,0.211,0.466

40461,0.077,0.043,0.063,0.276,0.54

41040,0.047,0.056,0.183,0.106,0.608

42069,0.103,0.069,0.266,0.222,0.34

42261,0.043,0.042,0.134,0.154,0.627

42746,0.063,0.076,0.127,0.247,0.488

41166,0.092,0.101,0.236,0.228,0.342

42368,0.019,0.08,0.121,0.235,0.546

42732,0.057,0.062,0.106,0.217,0.558

40964,0.076,0.093,0.098,0.126,0.606

41040,0.073,0.044,0.031,0.047,0.804

42746,0.053,0.034,0.118,0.185,0.61

42406,0.072,0.061,0.136,0.229,0.501

40007,0.093,0.082,0.174,0.254,0.398

42066,0.097,0.065,0.221,0.202,0.415

42464,0.04,0.067,0.174,0.217,0.502

40445,0.183,0.068,0.092,0.235,0.421

40209,0.036,0.048,0.083,0.23,0.602

40356,0.022,0.036,0.104,0.21,0.628

41234,0.102,0.053,0.106,0.127,0.612

45999,0.052,0.056,0.146,0.245,0.5

41831,0.157,0.073,0.13,0.142,0.497

40995,0.187,0.073,0.103,0.165,0.471

42784,0.074,0.053,0.09,0.213,0.57

40724,0.201,0.047,0.083,0.152,0.517

41264,0.155,0.091,0.151,0.125,0.479

41365,0.129,0.069,0.129,0.273,0.399

41749,0.094,0.103,0.142,0.174,0.487

41810,0.078,0.05,0.127,0.122,0.624

41166,0.057,0.081,0.21,0.296,0.357

40461,0.172,0.054,0.093,0.172,0.509

42083,0.08,0.1,0.29,0.191,0.339

42261,0.099,0.1,0.08,0.198,0.523

42055,0.052,0.11,0.316,0.138,0.384

42069,0.085,0.058,0.232,0.255,0.37

42638,0.096,0.116,0.143,0.203,0.441

42376,0.081,0.105,0.107,0.249,0.459

40461,0.088,0.094,0.114,0.233,0.471

41426,0.107,0.078,0.111,0.164,0.54

40328,0.046,0.082,0.074,0.144,0.654

42036,0.061,0.083,0.28,0.18,0.395

41224,0.108,0.055,0.096,0.104,0.637

41096,0.056,0.119,0.061,0.284,0.479

40104,0.018,0.154,0.115,0.154,0.559

40322,0.161,0.088,0.067,0.215,0.468

40372,0.047,0.012,0.178,0.195,0.567

42746,0.048,0.109,0.134,0.222,0.487

42167,0.082,0.134,0.185,0.15,0.448

40360,0.03,0.041,0.085,0.392,0.452

41352,0.133,0.116,0.071,0.182,0.498

42464,0.035,0.154,0.123,0.2,0.488

40048,0.033,0.106,0.068,0.244,0.548

40374,0.023,0.025,0.09,0.271,0.591

42376,0.064,0.145,0.109,0.19,0.492

40055,0.025,0.039,0.098,0.278,0.56

41010,0.091,0.039,0.114,0.198,0.558

41386,0.121,0.058,0.157,0.282,0.382

41006,0.035,0.121,0.103,0.129,0.613

41367,0.123,0.093,0.111,0.171,0.502

41542,0.096,0.088,0.123,0.148,0.545

40472,0.112,0.099,0.102,0.232,0.455

42518,0.13,0.123,0.096,0.164,0.487

41064,0.048,0.123,0.039,0.204,0.586

40445,0.215,0.079,0.075,0.157,0.474

41164,0.159,0.097,0.047,0.231,0.467

42528,0.096,0.138,0.195,0.206,0.365

